-8.728605508804321289e-02 -6.931951642036437988e-02 4.032495021820068359e-01 2.695355117321014404e-01 2.285726368427276611e-03 -9.932747483253479004e-02 5.163656920194625854e-02 -1.063578054308891296e-01 -8.781977742910385132e-02 -1.228815689682960510e-01 4.261380992829799652e-03 -1.509478986263275146e-01 -8.291082084178924561e-02 1.905248016119003296e-01 -3.352507650852203369e-01 -3.526316881179809570e-01 6.664615869522094727e-02 2.042253315448760986e-02 -2.235403209924697876e-01 -2.514726221561431885e-01
-2.745557427406311035e-01 -6.783010810613632202e-02 2.288788557052612305e-03 2.844934463500976562e-01 -1.803178191184997559e-01 4.487552046775817871e-01 4.784442186355590820e-01 -2.703351378440856934e-01 -7.607060670852661133e-02 9.052365273237228394e-02 -3.301902413368225098e-01 -2.793647646903991699e-01 -1.458608657121658325e-01 -2.021895796060562134e-01 -1.318825781345367432e-01 6.339956074953079224e-02 6.823308765888214111e-02 1.463981270790100098e-01 -7.041183859109878540e-02 -3.231161236763000488e-01
-1.100956350564956665e-01 -2.097156643867492676e-01 3.266672492027282715e-01 -1.779452562332153320e-01 1.205029785633087158e-01 2.283730208873748779e-01 -1.598994061350822449e-02 -5.588108897209167480e-01 3.590747714042663574e-01 -1.500391364097595215e-01 -3.049401640892028809e-01 -6.293427944183349609e-02 -4.864796698093414307e-01 1.453505754470825195e-01 -1.453035026788711548e-01 -9.566822648048400879e-02 -1.248916983604431152e-02 -2.167210876941680908e-01 -3.037351667881011963e-01 -2.202569544315338135e-01
-3.607307672500610352e-01 -2.332671284675598145e-01 2.014347910881042480e-01 2.457190454006195068e-01 8.068805187940597534e-02 3.246134519577026367e-01 2.307977080345153809e-01 -2.572089731693267822e-01 4.785560816526412964e-02 -3.056048452854156494e-01 -7.169838249683380127e-02 2.095014303922653198e-01 -1.240892112255096436e-01 2.959744036197662354e-01 1.368610709905624390e-01 -4.512533843517303467e-01 -2.126376330852508545e-01 -2.575442790985107422e-01 -7.462069392204284668e-02 -1.710907369852066040e-02
-1.285094022750854492e-01 -1.103443056344985962e-01 4.030255079269409180e-01 2.531997263431549072e-01 1.393894851207733154e-01 2.513730525970458984e-01 9.715483337640762329e-02 5.363916605710983276e-02 -1.765743494033813477e-01 -2.168982923030853271e-01 -2.927719950675964355e-01 -3.486287295818328857e-01 -1.934717744588851929e-01 4.530030190944671631e-01 -2.606329619884490967e-01 -1.511217802762985229e-01 -3.409796655178070068e-01 -3.669693320989608765e-02 2.454827725887298584e-01 -1.605437546968460083e-01
1.844539940357208252e-01 -5.938270688056945801e-02 2.200800031423568726e-01 2.871133387088775635e-01 3.386308252811431885e-01 2.507464587688446045e-01 8.572597801685333252e-02 2.051832228899002075e-01 -5.072954669594764709e-02 -2.953344583511352539e-01 -1.094146594405174255e-01 5.020181089639663696e-02 -2.386192977428436279e-01 2.020464241504669189e-01 -1.838009953498840332e-01 -3.033340163528919220e-02 -2.728289961814880371e-01 5.575398728251457214e-02 -2.801956236362457275e-01 -2.734728157520294189e-01
-1.560929417610168457e-01 -2.208484560251235962e-01 2.791224718093872070e-01 1.939888745546340942e-01 6.975601613521575928e-02 1.877520978450775146e-01 3.686502873897552490e-01 8.819901198148727417e-02 -1.735294759273529053e-01 -2.800394892692565918e-01 -4.225440323352813721e-01 -1.921509057283401489e-01 -2.362087368965148926e-01 3.706346750259399414e-01 -2.708728611469268799e-01 -1.072333455085754395e-01 -4.743686914443969727e-01 -3.464121222496032715e-01 -1.092017889022827148e-01 -1.046007722616195679e-01
-3.317990303039550781e-01 -1.841930598020553589e-01 5.105263590812683105e-01 -2.606583386659622192e-02 -1.374084055423736572e-01 7.110812515020370483e-02 1.923093497753143311e-01 2.763082087039947510e-02 3.284623846411705017e-03 -2.977590560913085938e-01 -2.988931909203529358e-02 -4.743827879428863525e-01 5.779203400015830994e-02 1.613012999296188354e-01 -2.795264124870300293e-01 -1.839931458234786987e-01 -7.126332074403762817e-02 2.773689106106758118e-02 -1.138373836874961853e-01 -3.837189972400665283e-01
-2.343152016401290894e-01 -1.823696494102478027e-01 4.619972407817840576e-02 3.552997857332229614e-02 2.285455167293548584e-02 1.712151989340782166e-02 1.636537313461303711e-01 -5.474720597267150879e-01 3.685680627822875977e-01 8.204581588506698608e-02 -1.080216765403747559e-01 -7.004742324352264404e-02 2.598519027233123779e-01 2.134572118520736694e-01 -1.924990862607955933e-01 -2.731319367885589600e-01 -4.903788864612579346e-02 -7.404136657714843750e-02 -7.874121516942977905e-02 1.049409061670303345e-01
3.288376331329345703e-02 -1.367969214916229248e-01 2.974463403224945068e-01 1.585171222686767578e-01 -4.412897676229476929e-02 4.283357560634613037e-01 3.426633179187774658e-01 -2.463525086641311646e-01 -6.274540722370147705e-02 5.026385188102722168e-04 -2.613959312438964844e-01 -3.949870765209197998e-01 -1.291643232107162476e-01 2.031100988388061523e-01 -1.802977323532104492e-01 -5.539262667298316956e-02 -7.182512432336807251e-03 1.188329458236694336e-01 -2.463411539793014526e-02 -5.125793218612670898e-01
-2.522527575492858887e-01 6.655766069889068604e-02 3.579461574554443359e-01 -1.011012867093086243e-01 3.725588694214820862e-02 3.993624448776245117e-02 -4.765965417027473450e-02 -8.437886089086532593e-02 2.130931764841079712e-01 2.398727647960186005e-02 -6.234742328524589539e-02 -3.384018242359161377e-01 -5.027177929878234863e-02 1.235426366329193115e-01 1.047569736838340759e-01 -2.162147611379623413e-01 2.496134638786315918e-01 1.267995685338973999e-01 -1.158837229013442993e-02 -2.033343315124511719e-01
1.943472325801849365e-01 -2.794433236122131348e-01 1.576872766017913818e-01 4.637112841010093689e-02 1.597251743078231812e-01 3.371624350547790527e-01 1.060755997896194458e-01 -3.444971442222595215e-01 2.985927164554595947e-01 7.852357625961303711e-02 1.980282366275787354e-03 8.074469864368438721e-02 1.020124703645706177e-01 1.018070727586746216e-01 -2.674258351325988770e-01 1.605292558670043945e-01 -2.002611756324768066e-01 -1.157905980944633484e-01 -3.327330201864242554e-02 -1.076729148626327515e-01
5.847046524286270142e-02 -2.594265043735504150e-01 1.372244805097579956e-01 8.304277062416076660e-02 8.984363079071044922e-02 1.100788041949272156e-01 3.798679262399673462e-02 3.789415061473846436e-01 4.320641458034515381e-01 -1.995615661144256592e-01 7.102131843566894531e-03 -4.154375791549682617e-01 3.756083548069000244e-02 1.727208644151687622e-01 8.404489606618881226e-03 -5.541195869445800781e-01 -1.695321500301361084e-01 -1.689277291297912598e-01 -8.895804733037948608e-02 -5.727902054786682129e-01
-2.028463184833526611e-01 -3.862014412879943848e-01 -1.354929246008396149e-02 2.556516528129577637e-01 1.448758691549301147e-01 2.288741059601306915e-03 2.186997793614864349e-03 -2.429676651954650879e-01 -3.477372229099273682e-03 -2.879323959350585938e-01 -3.829743266105651855e-01 -1.290066391229629517e-01 -2.176840901374816895e-01 2.346403002738952637e-01 -5.167475342750549316e-02 -1.570426523685455322e-01 -2.734366655349731445e-01 -3.839644044637680054e-02 -2.645076215267181396e-01 -4.627627879381179810e-02
-7.559717446565628052e-02 -1.220194846391677856e-01 -1.206301152706146240e-03 -1.382646262645721436e-01 2.786856293678283691e-01 7.990787923336029053e-02 -1.073523461818695068e-01 3.168813511729240417e-02 3.279198408126831055e-01 -1.753811240196228027e-01 -2.900727987289428711e-01 5.127352662384510040e-03 3.424145653843879700e-02 2.347415983676910400e-01 -2.060913741588592529e-01 -1.453686207532882690e-01 -1.082742512226104736e-01 -1.547035425901412964e-01 -1.509112119674682617e-02 -2.468467950820922852e-01
-3.462581038475036621e-01 -2.880760729312896729e-01 2.703449726104736328e-01 -3.121841698884963989e-03 -1.693328469991683960e-01 1.454596668481826782e-01 1.004822775721549988e-01 9.301537275314331055e-02 3.092828094959259033e-01 -3.691124320030212402e-01 -4.734221994876861572e-01 3.869719803333282471e-01 -2.062609344720840454e-01 6.855022311210632324e-01 1.116039007902145386e-01 -1.357610225677490234e-01 1.104459092020988464e-01 -1.000841706991195679e-01 -4.634970426559448242e-02 -1.572205871343612671e-01
-1.751628667116165161e-01 2.756647393107414246e-02 1.188106760382652283e-01 2.301099896430969238e-01 4.856103956699371338e-01 3.123157322406768799e-01 1.125997155904769897e-01 -7.163035217672586441e-03 3.768934309482574463e-01 -1.709319502115249634e-01 1.176354438066482544e-01 6.505481153726577759e-02 -2.357487976551055908e-01 1.937641501426696777e-01 -5.888878554105758667e-02 1.014035940170288086e-02 2.743856906890869141e-01 -1.112817674875259399e-01 -6.993053108453750610e-02 -8.349674940109252930e-02
-2.864507436752319336e-01 -2.344182431697845459e-01 4.373436868190765381e-01 3.280334174633026123e-01 4.234615340828895569e-02 2.721620500087738037e-01 1.073318868875503540e-01 2.044703215360641479e-01 -5.846748873591423035e-02 -2.883717715740203857e-01 -2.306716144084930420e-02 -1.003014668822288513e-01 -2.910731732845306396e-01 4.675890877842903137e-02 -2.843754291534423828e-01 -3.916592895984649658e-02 8.717103302478790283e-02 -1.285368949174880981e-01 -2.671329379081726074e-01 -2.113790512084960938e-01
1.062835007905960083e-02 -2.943059206008911133e-01 -3.789396584033966064e-02 2.177813351154327393e-01 3.013714849948883057e-01 -1.257991790771484375e-02 1.149688661098480225e-01 -5.517233163118362427e-02 -4.252259060740470886e-02 -1.715969145298004150e-01 1.809168905019760132e-01 1.656771600246429443e-01 -2.821908891201019287e-01 5.108892172574996948e-02 -2.496853321790695190e-01 2.035229206085205078e-01 1.390935182571411133e-01 9.260958433151245117e-02 -2.612005472183227539e-01 -6.318889558315277100e-02
-1.162173748016357422e-01 1.292381882667541504e-01 1.229518204927444458e-01 3.181490302085876465e-01 5.224433541297912598e-02 3.946534097194671631e-01 2.366222739219665527e-01 -1.310122609138488770e-01 7.156872004270553589e-02 2.823981344699859619e-01 -9.418754279613494873e-02 -2.805690467357635498e-01 -1.613047868013381958e-01 1.732607781887054443e-01 -8.321677893400192261e-02 -9.946376085281372070e-03 3.465906158089637756e-02 -1.384774446487426758e-01 2.121043205261230469e-01 -2.108250856399536133e-01
-1.484827995300292969e-01 -3.560087382793426514e-01 2.616390585899353027e-01 3.745093643665313721e-01 2.820242941379547119e-01 2.207079827785491943e-01 6.055048108100891113e-02 3.287301585078239441e-02 6.041830182075500488e-01 -1.692983210086822510e-01 -2.892616093158721924e-01 -2.504373490810394287e-01 -1.695531457662582397e-01 2.742723226547241211e-01 2.003568857908248901e-01 -2.040013372898101807e-01 2.234753370285034180e-01 7.621554285287857056e-02 -2.932940721511840820e-01 9.521689265966415405e-02
-5.589408800005912781e-02 -4.301909506320953369e-01 1.844190061092376709e-01 5.122431740164756775e-02 1.484282016754150391e-01 -3.226777911186218262e-02 -9.088622033596038818e-02 -2.037937007844448090e-02 9.899793565273284912e-02 4.461621120572090149e-02 -1.968993991613388062e-02 -3.397931754589080811e-01 -2.859456539154052734e-01 2.362084239721298218e-01 -6.223996728658676147e-02 2.282775491476058960e-01 2.278317809104919434e-01 -1.593985408544540405e-01 1.583055555820465088e-01 -3.086878359317779541e-02
-3.643838763236999512e-01 -2.140018194913864136e-01 1.574402749538421631e-01 -3.564879298210144043e-03 -8.168941736221313477e-02 -4.877515137195587158e-02 4.354104101657867432e-01 1.381117403507232666e-01 2.995173335075378418e-01 -4.755519926548004150e-01 -3.453796207904815674e-01 2.026321589946746826e-01 -9.020045399665832520e-02 4.028136730194091797e-01 -1.985626816749572754e-01 1.387912333011627197e-01 -1.586532890796661377e-01 -3.353354707360267639e-02 2.529258131980895996e-01 -2.904774993658065796e-02
-2.248552888631820679e-01 -4.687292128801345825e-02 -3.779147937893867493e-02 2.137401998043060303e-01 7.512149214744567871e-02 6.679577380418777466e-02 1.872196942567825317e-01 1.041921079158782959e-01 -1.984755992889404297e-01 2.361747622489929199e-01 -2.678481638431549072e-01 -1.474592387676239014e-01 -3.604629039764404297e-01 2.211507856845855713e-01 7.355439662933349609e-02 2.513956427574157715e-01 -1.374734193086624146e-01 -9.971158206462860107e-02 -1.745951771736145020e-01 -2.542371153831481934e-01
-1.927030682563781738e-01 -1.652456670999526978e-01 4.214534759521484375e-01 -2.341934666037559509e-02 4.646885991096496582e-01 4.685913026332855225e-01 1.096912026405334473e-01 -1.242271214723587036e-01 2.110246568918228149e-03 5.659830197691917419e-02 -2.947476506233215332e-01 -1.707917749881744385e-01 -8.329042792320251465e-02 -1.073695123195648193e-01 -9.325613826513290405e-02 -5.801945179700851440e-02 -1.153406277298927307e-01 -3.173171728849411011e-02 -1.291428655385971069e-01 -2.095148712396621704e-01
-3.962228000164031982e-01 -1.027688682079315186e-01 2.311846762895584106e-01 7.590767741203308105e-02 -1.795984357595443726e-01 1.897519379854202271e-01 1.576620638370513916e-01 1.567508429288864136e-01 -1.184837371110916138e-01 -2.893378138542175293e-01 1.023561134934425354e-02 -3.282156288623809814e-01 -2.823381125926971436e-01 2.552398443222045898e-01 -1.109074205160140991e-01 1.431854069232940674e-01 -3.047810196876525879e-01 -3.457358106970787048e-03 -1.216818951070308685e-02 5.267628654837608337e-02
-4.188943505287170410e-01 -1.395927369594573975e-01 9.259416162967681885e-02 2.383001744747161865e-01 -4.205213859677314758e-02 1.136794872581958771e-02 4.040233492851257324e-01 3.749657869338989258e-01 7.241390645503997803e-02 -1.516523063182830811e-01 -3.336404561996459961e-01 -1.983186900615692139e-01 -1.992663443088531494e-01 2.052670717239379883e-01 1.779647469520568848e-01 5.936364084482192993e-02 -2.635816633701324463e-01 -2.969885766506195068e-01 -4.788537025451660156e-01 -6.637943983078002930e-01
-2.548250555992126465e-01 -2.452993541955947876e-01 3.538932651281356812e-02 -1.838588714599609375e-01 2.807079255580902100e-01 1.264563202857971191e-01 1.093188598752021790e-01 -1.118299961090087891e-01 3.028347194194793701e-01 -1.606052666902542114e-01 -3.635145127773284912e-01 -1.337734162807464600e-01 6.285586953163146973e-02 2.006579339504241943e-01 -2.378350198268890381e-01 2.430915683507919312e-01 -9.166450798511505127e-02 -5.880713835358619690e-02 -2.201659381389617920e-01 -4.669668376445770264e-01
-1.265278011560440063e-01 -2.257645726203918457e-01 9.772406518459320068e-02 6.728225201368331909e-02 5.361451208591461182e-02 5.495095252990722656e-01 1.901379525661468506e-01 -6.220205500721931458e-02 -8.550456166267395020e-02 -3.115453124046325684e-01 -9.963182359933853149e-02 -3.828113973140716553e-01 -2.890605032444000244e-01 -3.232955336570739746e-01 1.179543435573577881e-01 -2.740945518016815186e-01 7.053618133068084717e-02 -1.077226549386978149e-01 -1.594789028167724609e-01 -3.497171998023986816e-01
-2.616442739963531494e-01 -4.002357721328735352e-01 -1.794972121715545654e-01 -5.899486318230628967e-02 1.755704283714294434e-01 3.004234135150909424e-01 -8.797045052051544189e-02 -2.225298434495925903e-01 1.923445761203765869e-01 -2.863472700119018555e-01 -3.582336008548736572e-01 -1.587395668029785156e-01 -1.255434751510620117e-01 -1.953574717044830322e-01 1.066039502620697021e-02 2.117836326360702515e-01 1.597963273525238037e-02 -7.401463389396667480e-02 -2.655358612537384033e-01 -3.336173892021179199e-01
-1.403143554925918579e-01 3.168151527643203735e-02 -9.720131754875183105e-02 -3.513217344880104065e-02 1.060661524534225464e-01 2.431506961584091187e-01 6.517876684665679932e-02 -2.046020925045013428e-01 2.247675061225891113e-01 3.723780214786529541e-01 -1.282958034425973892e-02 -2.254491448402404785e-01 -1.437040120363235474e-01 -5.564288049936294556e-02 2.884412556886672974e-02 -6.103640794754028320e-02 -2.533690072596073151e-03 2.548141777515411377e-01 -2.235025912523269653e-02 1.686563044786453247e-01
-1.305765062570571899e-01 2.996757626533508301e-02 3.623859882354736328e-01 -6.133564561605453491e-02 9.669438004493713379e-02 -8.475895226001739502e-02 2.009371668100357056e-01 -1.328532099723815918e-01 7.504875957965850830e-02 -3.871016204357147217e-01 -9.568291902542114258e-02 -2.306455820798873901e-01 -1.142154037952423096e-01 -1.376926526427268982e-02 1.156971603631973267e-02 1.678994745016098022e-01 3.476034477353096008e-02 -1.370629966259002686e-01 -1.089090406894683838e-01 -3.200535774230957031e-01
-2.469376325607299805e-01 1.106462776660919189e-01 -1.114287823438644409e-01 1.259035319089889526e-01 1.514600515365600586e-01 1.030752956867218018e-01 4.288646578788757324e-02 -6.672067940235137939e-02 1.273240447044372559e-01 1.400542855262756348e-01 3.354565054178237915e-02 -5.417770743370056152e-01 -2.384551018476486206e-01 3.436938226222991943e-01 -2.522875089198350906e-03 3.761450052261352539e-01 -4.068544134497642517e-02 -1.644473820924758911e-01 6.800955533981323242e-02 3.672913834452629089e-02
-2.093452215194702148e-01 1.423786878585815430e-01 -2.291280478239059448e-01 1.631434708833694458e-01 7.907884716987609863e-01 1.757159829139709473e-01 -2.923998981714248657e-02 1.445095241069793701e-02 2.453570663928985596e-01 7.183881103992462158e-02 1.798893511295318604e-02 -1.426963508129119873e-01 -1.435509920120239258e-01 -5.053170025348663330e-03 -4.096631407737731934e-01 7.389219105243682861e-02 -1.603207588195800781e-01 2.481748163700103760e-02 -2.343180179595947266e-01 -1.622416824102401733e-01
-6.061612442135810852e-02 -1.666187644004821777e-01 4.483081400394439697e-01 2.264019399881362915e-01 7.584898173809051514e-02 3.448936939239501953e-01 4.916532337665557861e-02 -1.451618075370788574e-01 -6.732919067144393921e-02 1.095491275191307068e-02 7.334963977336883545e-02 -1.980247944593429565e-01 -2.205143272876739502e-01 1.039688736200332642e-01 -2.658029496669769287e-01 -7.143031805753707886e-02 -4.908274859189987183e-04 -1.897005289793014526e-01 1.020762771368026733e-01 -3.265670835971832275e-01
-5.903771892189979553e-02 -3.225904703140258789e-01 1.734601855278015137e-01 -4.250214993953704834e-02 1.064998358488082886e-01 3.191388845443725586e-01 2.409330010414123535e-01 -2.454580962657928467e-01 2.337438613176345825e-01 1.761270463466644287e-01 -8.011178672313690186e-02 -1.001598834991455078e-01 -4.097819626331329346e-01 2.735512852668762207e-01 5.853266268968582153e-02 -1.990722715854644775e-01 1.144533008337020874e-01 -1.554948091506958008e-01 8.630938827991485596e-03 1.392246186733245850e-01
1.229283213615417480e-01 -1.901138275861740112e-01 1.191701442003250122e-01 2.736447453498840332e-01 2.143725156784057617e-01 1.350385248661041260e-01 4.515296220779418945e-02 -4.188664257526397705e-03 2.179792374372482300e-01 -2.730704545974731445e-01 -1.944073736667633057e-01 2.623270452022552490e-02 -3.202246725559234619e-01 3.827931359410285950e-02 -1.259060353040695190e-01 -5.948532372713088989e-02 -4.725559428334236145e-02 -1.884551197290420532e-01 1.711162030696868896e-01 1.762606352567672729e-01
-1.613699793815612793e-01 -2.642358243465423584e-01 9.620846062898635864e-02 -2.844626605510711670e-01 3.097243010997772217e-01 7.901742309331893921e-02 1.809719651937484741e-01 -9.871473163366317749e-02 -7.314793765544891357e-03 -3.236084282398223877e-01 3.066712617874145508e-01 5.005483701825141907e-02 -1.980317756533622742e-02 3.161969184875488281e-01 -1.068735420703887939e-01 -2.027083933353424072e-01 -1.127725392580032349e-01 -1.253482401371002197e-01 -1.920986473560333252e-01 -1.158312931656837463e-01
-3.490571975708007812e-01 -2.629822194576263428e-01 3.495820164680480957e-01 3.400147557258605957e-01 -2.252925187349319458e-02 -3.702267631888389587e-02 4.868654310703277588e-01 1.304676532745361328e-01 1.583831906318664551e-01 -1.284888237714767456e-01 5.263697355985641479e-02 -6.658959388732910156e-02 8.852698653936386108e-02 4.573158547282218933e-02 -3.831235170364379883e-01 1.361074745655059814e-01 1.638364046812057495e-04 -4.278934299945831299e-01 -3.232850879430770874e-02 -4.169292449951171875e-01
7.360675930976867676e-02 9.947313368320465088e-02 6.604914069175720215e-01 1.839131116867065430e-02 2.271654605865478516e-01 2.952394634485244751e-02 1.308285444974899292e-01 -9.645339101552963257e-03 1.017101388424634933e-02 2.769072540104389191e-02 -7.808187603950500488e-02 -2.249505817890167236e-01 -4.311062991619110107e-01 1.904537975788116455e-01 -4.628694057464599609e-01 -2.131674736738204956e-01 -7.800205051898956299e-02 -4.876299202442169189e-02 -3.765482902526855469e-01 -1.406956464052200317e-01
-3.008425235748291016e-01 -1.769449412822723389e-01 9.646081924438476562e-02 2.720571756362915039e-01 1.743586212396621704e-01 3.292032182216644287e-01 -1.549028456211090088e-01 -2.388419210910797119e-02 -2.380238473415374756e-02 -6.334923207759857178e-02 -1.914986222982406616e-01 -4.422344639897346497e-02 1.090899109840393066e-01 7.799153029918670654e-02 -1.158142685890197754e-01 1.079346910119056702e-01 -2.986397147178649902e-01 -7.491551339626312256e-03 -9.512199461460113525e-02 -4.792959988117218018e-01
-6.763528287410736084e-02 -1.733965724706649780e-01 2.533792555332183838e-01 2.985555529594421387e-01 -1.097024083137512207e-01 2.185497432947158813e-01 -1.489904075860977173e-01 -2.543311417102813721e-01 3.446391522884368896e-01 -9.379792958498001099e-03 4.974349588155746460e-02 -3.725230991840362549e-01 -2.260067313909530640e-01 4.099851101636886597e-02 -3.962042331695556641e-01 -8.024892210960388184e-02 -8.126050233840942383e-03 3.943005502223968506e-01 -8.948342502117156982e-02 4.064646363258361816e-02
-2.005891501903533936e-01 -2.234678566455841064e-01 1.259335428476333618e-01 1.056688725948333740e-01 -3.756901994347572327e-02 9.651892632246017456e-02 -2.003711760044097900e-01 -3.051393926143646240e-01 -1.907464265823364258e-01 -1.966117918491363525e-01 2.807137966156005859e-01 -2.547268867492675781e-01 -6.375124305486679077e-02 1.387241482734680176e-01 -2.163245975971221924e-01 4.728885367512702942e-02 -3.223559558391571045e-01 2.288141995668411255e-01 -1.823671013116836548e-01 -1.135809496045112610e-01
1.367754042148590088e-01 -7.275036722421646118e-02 5.065729618072509766e-01 4.534781724214553833e-02 1.447862982749938965e-01 4.835862517356872559e-01 -1.677772775292396545e-02 -7.209413498640060425e-02 -9.098092466592788696e-02 8.734023571014404297e-02 -1.754662394523620605e-01 -1.194134280085563660e-01 -5.738027691841125488e-01 -1.180861145257949829e-02 -4.955705627799034119e-02 -3.616977930068969727e-01 1.481144726276397705e-01 -6.875084340572357178e-02 1.056510582566261292e-01 -2.899149358272552490e-01
-1.213247105479240417e-01 -4.798993766307830811e-01 2.523148953914642334e-01 9.008593857288360596e-02 -2.852719277143478394e-02 1.764058917760848999e-01 1.153816878795623779e-01 -8.592975139617919922e-02 1.338713169097900391e-01 -1.683445870876312256e-01 9.132356941699981689e-02 -2.687860131263732910e-01 -3.626249432563781738e-01 1.610427796840667725e-01 -3.965076804161071777e-02 -1.465448439121246338e-01 -2.225823104381561279e-01 -1.921499893069267273e-02 1.440516561269760132e-01 -2.386360615491867065e-01
-2.182793319225311279e-01 -2.654427587985992432e-01 -1.081579774618148804e-01 8.020010590553283691e-02 -4.504680633544921875e-03 1.207643970847129822e-01 1.654556244611740112e-01 -6.381705403327941895e-03 -2.448672056198120117e-01 -1.369982659816741943e-01 -8.927840739488601685e-02 -1.331001222133636475e-01 -3.525745272636413574e-01 -2.500232309103012085e-02 3.677364811301231384e-02 -1.317711472511291504e-01 -1.306652426719665527e-01 -1.164116859436035156e-01 -2.950932979583740234e-01 -6.018896102905273438e-01
-2.776753306388854980e-01 -3.279293179512023926e-01 2.356103509664535522e-01 1.022400110960006714e-01 1.193449795246124268e-01 3.545100092887878418e-01 1.746955066919326782e-01 -4.665116593241691589e-02 2.707009017467498779e-01 -9.557358920574188232e-02 1.510310173034667969e-01 -5.964737385511398315e-03 -1.817999482154846191e-01 3.308764398097991943e-01 4.630154743790626526e-02 -1.041913703083992004e-01 -1.698739826679229736e-01 -2.303787767887115479e-01 9.066087752580642700e-02 4.329644888639450073e-02
-3.465764224529266357e-01 -3.198044002056121826e-01 3.408040851354598999e-02 -1.955378204584121704e-01 1.515790820121765137e-01 1.406081914901733398e-01 1.201551482081413269e-01 5.847869440913200378e-02 2.459363341331481934e-01 -1.685273796319961548e-01 -2.299487590789794922e-02 -1.814922690391540527e-01 -1.093000322580337524e-01 8.419880270957946777e-02 -8.489460498094558716e-02 9.509750455617904663e-02 -6.954628229141235352e-02 -1.052072644233703613e-01 -1.647033393383026123e-01 4.840335249900817871e-02
7.116632536053657532e-03 2.697550058364868164e-01 2.495378255844116211e-01 3.217462599277496338e-01 -5.102237313985824585e-02 7.960446923971176147e-02 2.801733613014221191e-01 -1.226188987493515015e-01 9.388115257024765015e-02 9.046688675880432129e-03 -2.979578971862792969e-01 2.706686556339263916e-01 -2.030672580003738403e-01 -3.717092424631118774e-02 4.330186545848846436e-02 2.479161918163299561e-01 -1.438517421483993530e-01 3.243272602558135986e-01 7.730477303266525269e-02 -5.040519833564758301e-01
-2.360105663537979126e-01 -3.768237531185150146e-01 -2.678046524524688721e-01 2.450174391269683838e-01 1.334704458713531494e-03 2.733172774314880371e-01 4.998457133769989014e-01 -3.668564558029174805e-01 5.190139263868331909e-02 1.032582223415374756e-01 -1.715069860219955444e-01 -9.172798693180084229e-02 7.675814628601074219e-02 -1.586498878896236420e-02 -2.273086607456207275e-01 -9.027787297964096069e-02 -1.421451121568679810e-01 -1.582755148410797119e-01 -2.599913477897644043e-01 -3.411772847175598145e-01
-1.203105449676513672e-01 -3.041661381721496582e-01 4.658735394477844238e-01 1.054017543792724609e-01 3.545709550380706787e-01 8.955404907464981079e-02 5.563164353370666504e-01 -2.135566622018814087e-02 9.576795995235443115e-02 2.576859593391418457e-01 -2.076864391565322876e-01 -2.543091773986816406e-01 -1.179037168622016907e-01 1.329475492238998413e-01 9.308366477489471436e-02 -3.011815249919891357e-01 -1.583338975906372070e-01 -2.184181809425354004e-01 -2.644603848457336426e-01 8.361905813217163086e-02
-1.636466979980468750e-01 -1.257546693086624146e-01 2.490548491477966309e-01 -6.225138902664184570e-03 8.685348927974700928e-02 4.237041175365447998e-01 2.242157906293869019e-01 -5.794910714030265808e-02 1.003052107989788055e-03 -2.744740247726440430e-01 -1.663602888584136963e-01 -7.328951358795166016e-02 -5.857544541358947754e-01 -6.347276270389556885e-02 1.903964951634407043e-02 -2.605766057968139648e-01 4.376776516437530518e-03 8.738835155963897705e-02 -2.674383521080017090e-01 -2.915753126144409180e-01
1.452412605285644531e-01 2.548614442348480225e-01 -1.671680659055709839e-01 1.412683129310607910e-01 -1.008957177400588989e-01 1.170827001333236694e-01 5.155799984931945801e-01 2.015298306941986084e-01 1.272964850068092346e-02 -7.364727556705474854e-03 2.197957187891006470e-01 -9.632675349712371826e-02 2.656541764736175537e-03 1.244974508881568909e-01 2.813778519630432129e-01 -6.519068777561187744e-02 1.164645105600357056e-01 1.549870222806930542e-01 8.673942089080810547e-02 -2.586157321929931641e-01
3.031769394874572754e-01 -1.346255540847778320e-01 3.173592090606689453e-01 1.882260888814926147e-01 1.663441359996795654e-01 3.676627874374389648e-01 3.977805972099304199e-01 7.329319417476654053e-02 4.405650496482849121e-02 -9.358638525009155273e-02 1.750753074884414673e-01 -3.085397481918334961e-01 -4.078968167304992676e-01 1.873735636472702026e-01 -1.340803354978561401e-01 -3.980496525764465332e-01 -2.439731061458587646e-01 -4.943561926484107971e-02 -2.753900289535522461e-01 -9.349003434181213379e-02
-9.464897960424423218e-02 -2.022080123424530029e-01 1.108749955892562866e-01 6.570526212453842163e-02 -3.326740115880966187e-02 -3.172624409198760986e-01 -8.406108617782592773e-02 4.130662232637405396e-02 1.850310862064361572e-01 -3.319048509001731873e-02 -2.533251047134399414e-01 -4.436578154563903809e-01 -2.670618295669555664e-01 -1.686726808547973633e-01 -1.202831417322158813e-01 -2.600255012512207031e-01 -9.772044420242309570e-02 1.845484375953674316e-01 -5.255747437477111816e-01 6.910060346126556396e-02
-6.931250542402267456e-02 -2.812037765979766846e-01 6.723936647176742554e-02 2.879879176616668701e-01 3.727046847343444824e-01 5.033367276191711426e-01 3.183034062385559082e-01 -2.803861498832702637e-01 8.841989189386367798e-02 -3.415136933326721191e-01 -2.504379153251647949e-01 -3.767544031143188477e-01 -1.803098618984222412e-02 2.252804636955261230e-01 5.823247879743576050e-02 -1.326040625572204590e-01 -1.701077222824096680e-01 1.471525877714157104e-01 -1.276474148035049438e-01 1.093142032623291016e-01
-2.017573118209838867e-01 -1.102013438940048218e-01 1.646947264671325684e-01 3.877338394522666931e-02 4.180056452751159668e-01 4.706320539116859436e-02 4.150377511978149414e-01 -3.066926896572113037e-01 3.834243491291999817e-02 -2.587555944919586182e-01 2.748742997646331787e-01 -1.274780184030532837e-01 -1.366222798824310303e-01 1.036214455962181091e-01 -3.036696910858154297e-01 -1.197130978107452393e-01 -2.271694093942642212e-01 1.068738475441932678e-02 -1.780945211648941040e-01 -2.806843817234039307e-01
-2.744127810001373291e-01 -2.909694910049438477e-01 2.452204972505569458e-01 -7.570259273052215576e-02 -1.511500030755996704e-01 1.770714223384857178e-01 1.563368439674377441e-01 -7.147658616304397583e-02 1.511865854263305664e-01 2.385533452033996582e-01 -2.907365560531616211e-01 -1.379392743110656738e-01 -4.894885718822479248e-01 1.371257007122039795e-01 -1.845788955688476562e-01 1.012756898999214172e-01 3.131988346576690674e-01 1.266635656356811523e-01 6.687079370021820068e-02 -2.057326771318912506e-02
1.353343427181243896e-01 -2.073134183883666992e-01 3.219189643859863281e-01 -2.812259830534458160e-03 -3.532653674483299255e-02 2.179462015628814697e-01 3.792408406734466553e-01 -2.121900767087936401e-01 -6.054798886179924011e-02 -4.446081817150115967e-01 -6.723282486200332642e-02 -4.303249418735504150e-01 -3.712984323501586914e-01 4.086041450500488281e-01 -1.711732447147369385e-01 1.995217949151992798e-01 -4.214182496070861816e-02 1.493862718343734741e-01 -4.063426554203033447e-01 -2.406723797321319580e-01
-2.515063285827636719e-01 -3.700137138366699219e-02 3.405653834342956543e-01 -5.042942762374877930e-01 1.161597445607185364e-01 3.579366803169250488e-01 2.765974588692188263e-02 -1.317870616912841797e-02 9.309413284063339233e-02 2.982249855995178223e-02 2.803444862365722656e-01 -2.494123131036758423e-01 -6.115911155939102173e-02 6.692298501729965210e-02 -1.465807110071182251e-01 -2.374830991029739380e-01 -1.696912497282028198e-01 -2.512306272983551025e-01 1.203303933143615723e-01 -4.065294265747070312e-01
