4.135412275791168213e-01 -2.266052514314651489e-01 4.391817748546600342e-02 2.935956120491027832e-01 -1.449952423572540283e-01 3.836661279201507568e-01 9.961507469415664673e-02 -4.167012870311737061e-02 2.559251189231872559e-01 7.155369967222213745e-03 -1.137512847781181335e-01 -1.194793060421943665e-01 1.611437350511550903e-01 -2.561153769493103027e-01 1.231815814971923828e-01 5.904141068458557129e-01 -1.497004181146621704e-02 -3.781696856021881104e-01 7.289946079254150391e-03 -4.032658636569976807e-01
1.345868036150932312e-02 2.688999176025390625e-01 -2.876008450984954834e-01 -1.536412630230188370e-03 -3.157226741313934326e-01 7.377464324235916138e-02 3.595638275146484375e-01 -1.161128208041191101e-01 5.480489134788513184e-02 -1.579341143369674683e-01 3.098854422569274902e-01 -1.115574613213539124e-01 3.884822130203247070e-01 -1.651657819747924805e-01 -3.862720727920532227e-01 2.643963992595672607e-01 5.074845999479293823e-02 -3.279565870761871338e-01 1.485129445791244507e-01 -7.529199123382568359e-02
3.301162645220756531e-02 -2.900098264217376709e-01 -3.612101674079895020e-01 2.526159584522247314e-01 -6.051008403301239014e-02 -1.174918934702873230e-01 2.054945230484008789e-01 1.401739418506622314e-01 8.637824654579162598e-02 -7.625116407871246338e-02 3.680365532636642456e-02 -1.567984968423843384e-01 8.421098440885543823e-02 -8.738583326339721680e-02 -3.590796887874603271e-01 -5.355299636721611023e-02 -1.938845664262771606e-01 -6.637752056121826172e-03 9.735848009586334229e-02 -1.272069513797760010e-01
-2.913163602352142334e-01 -2.501847743988037109e-01 -2.041241079568862915e-01 3.000774383544921875e-01 1.191787570714950562e-01 2.217610031366348267e-01 5.558126047253608704e-02 -4.422854632139205933e-02 1.612661927938461304e-01 -8.218482136726379395e-02 2.318229824304580688e-01 -1.516510397195816040e-01 -1.532937586307525635e-01 -2.306025624275207520e-01 -3.708441555500030518e-01 -7.008490711450576782e-02 -1.514763534069061279e-01 1.053746044635772705e-01 1.440860033035278320e-01 -4.152556657791137695e-01
2.326846420764923096e-01 1.223216205835342407e-01 -8.174662292003631592e-02 3.914132416248321533e-01 -7.128915190696716309e-02 1.855445504188537598e-01 3.218917250633239746e-01 1.175169423222541809e-01 1.545572429895401001e-01 -1.278533339500427246e-01 7.745470106601715088e-02 8.373848348855972290e-02 1.002463847398757935e-01 -1.782136559486389160e-01 8.253529667854309082e-04 1.774190664291381836e-01 -2.223341166973114014e-01 5.156640335917472839e-02 -1.712373197078704834e-01 -3.369712457060813904e-02
-7.218768447637557983e-02 -1.488370597362518311e-01 -7.754512131214141846e-02 1.495603770017623901e-01 -3.412648737430572510e-01 1.517133414745330811e-02 1.232640817761421204e-01 4.862307757139205933e-02 5.264587402343750000e-01 -9.301584213972091675e-02 6.741013377904891968e-02 -1.525441259145736694e-01 1.216656193137168884e-01 -3.925080299377441406e-01 -3.597606420516967773e-01 3.530111610889434814e-01 -3.145892322063446045e-01 -1.291884183883666992e-01 1.774114221334457397e-01 -1.155621930956840515e-02
1.856229007244110107e-01 -9.679699689149856567e-02 -3.120061159133911133e-01 3.029053509235382080e-01 -3.131150007247924805e-01 4.434442818164825439e-01 4.108451902866363525e-01 9.014411270618438721e-02 2.792363166809082031e-01 1.825354248285293579e-02 2.391629666090011597e-01 -2.135787010192871094e-01 -8.070173114538192749e-02 5.837711319327354431e-02 -3.264467418193817139e-01 1.119714230298995972e-01 2.494962215423583984e-01 -1.730993688106536865e-01 8.455312997102737427e-02 6.830097734928131104e-02
-1.119672805070877075e-01 -4.949880838394165039e-01 -6.366807222366333008e-02 1.799475550651550293e-01 -3.397454023361206055e-01 1.219423115253448486e-01 -1.195249259471893311e-01 4.269653558731079102e-02 1.405395567417144775e-01 -1.071461290121078491e-01 -1.804967522621154785e-01 -3.084318935871124268e-01 4.912020266056060791e-02 -2.847470939159393311e-01 1.841203868389129639e-01 4.258461296558380127e-03 -2.989148199558258057e-01 4.374302923679351807e-02 -2.550767064094543457e-01 -1.779946982860565186e-01
-1.070892736315727234e-01 -2.445484697818756104e-01 -7.676275447010993958e-03 1.632590591907501221e-01 -8.022849261760711670e-02 1.938896477222442627e-01 -9.109434485435485840e-02 1.604536026716232300e-01 2.133923470973968506e-01 -3.604674339294433594e-01 2.853148579597473145e-01 -2.478259354829788208e-01 -3.027961216866970062e-02 -2.424334585666656494e-01 -1.663126051425933838e-03 -1.336797475814819336e-01 -7.835841178894042969e-02 -6.598098576068878174e-02 8.581861108541488647e-02 -3.085911273956298828e-03
3.130752444267272949e-01 -9.031592868268489838e-03 -4.243084490299224854e-01 -5.213455297052860260e-03 -2.595905661582946777e-01 1.740162819623947144e-01 4.118891358375549316e-01 9.617774188518524170e-02 2.618387043476104736e-01 -2.040608227252960205e-01 2.925141528248786926e-02 -1.773675680160522461e-01 -2.127306014299392700e-01 -8.263023197650909424e-02 -1.476945728063583374e-02 9.684298187494277954e-02 -4.807235598564147949e-01 -1.550051420927047729e-01 3.095051348209381104e-01 -3.154715895652770996e-01
1.219018548727035522e-02 -6.894626468420028687e-02 2.951127886772155762e-01 7.436946779489517212e-02 -1.578800007700920105e-02 -9.531825780868530273e-02 -1.162964999675750732e-01 -8.760096132755279541e-02 5.959928408265113831e-02 -2.604523897171020508e-01 1.043652594089508057e-01 1.141301542520523071e-01 1.564128547906875610e-01 -1.828604042530059814e-01 -2.302403450012207031e-01 2.677881717681884766e-01 1.809476315975189209e-01 -1.253807544708251953e-01 1.327655836939811707e-02 -1.492542326450347900e-01
-2.500983774662017822e-01 -3.852571547031402588e-01 4.838093221187591553e-01 4.537387192249298096e-01 1.215677708387374878e-02 1.808029711246490479e-01 5.827412754297256470e-02 1.253919601440429688e-01 1.191728115081787109e-01 -1.742210686206817627e-01 -1.864168941974639893e-01 -2.935076951980590820e-01 2.807099521160125732e-01 -9.408266283571720123e-03 1.992163807153701782e-02 1.528973579406738281e-01 9.401880204677581787e-03 -2.068639174103736877e-02 4.474882781505584717e-02 -5.046757459640502930e-01
-8.006097376346588135e-02 -3.618859052658081055e-01 1.100237593054771423e-01 2.806447446346282959e-03 -4.462446272373199463e-02 -2.137774527072906494e-01 3.140015304088592529e-01 -1.971864700317382812e-01 2.339928746223449707e-01 -2.668868601322174072e-01 3.019543886184692383e-01 -2.064548730850219727e-01 -1.360243260860443115e-01 1.526446193456649780e-01 -5.313782691955566406e-01 2.639904022216796875e-01 -1.648955196142196655e-01 -2.566673755645751953e-01 -3.674809634685516357e-02 -2.867923304438591003e-02
1.275296509265899658e-01 2.012801915407180786e-02 -1.575617194175720215e-01 8.454044163227081299e-02 2.151322513818740845e-01 -7.278268039226531982e-02 2.856028378009796143e-01 2.336309552192687988e-01 1.243792027235031128e-01 -1.639665961265563965e-01 8.715030550956726074e-02 -1.985869854688644409e-01 3.125532865524291992e-01 -1.520739346742630005e-01 -1.212897747755050659e-01 5.756692960858345032e-02 -4.025561735033988953e-03 -1.822835206985473633e-01 -1.656569540500640869e-01 -6.493512541055679321e-03
-1.390941888093948364e-01 -4.631571173667907715e-01 -3.067137300968170166e-02 7.703180611133575439e-02 -6.135428547859191895e-01 4.249295592308044434e-01 1.852718442678451538e-01 -5.511346086859703064e-02 2.215482443571090698e-01 -5.697506666183471680e-02 7.003197818994522095e-02 -1.760918796062469482e-01 1.257558614015579224e-01 -1.011183857917785645e-01 -1.514184474945068359e-02 -3.378254175186157227e-02 8.352904021739959717e-02 -1.121312975883483887e-01 -1.719543635845184326e-01 -3.626582920551300049e-01
2.482888996601104736e-01 -1.811320632696151733e-01 -1.143478751182556152e-01 8.205474913120269775e-02 -1.959732770919799805e-01 3.199524581432342529e-01 1.365099847316741943e-01 6.042016670107841492e-02 1.847172379493713379e-01 1.923192441463470459e-01 4.803699254989624023e-01 -1.987313628196716309e-01 -1.407655924558639526e-01 -2.639547586441040039e-01 -2.151709049940109253e-01 3.061350584030151367e-01 -2.110619246959686279e-01 6.295368075370788574e-03 -1.012452505528926849e-02 -6.765002012252807617e-02
2.838649749755859375e-01 -8.759798854589462280e-02 -4.350368678569793701e-02 6.582137197256088257e-02 -1.315615475177764893e-01 3.983210772275924683e-02 1.397462934255599976e-01 2.246362902224063873e-02 2.731769680976867676e-01 -2.951515614986419678e-01 6.285745650529861450e-02 -1.948055177927017212e-01 1.056659370660781860e-01 2.632430195808410645e-02 2.488798275589942932e-02 3.701246380805969238e-01 -1.282954402267932892e-02 -2.733773887157440186e-01 -2.785366177558898926e-01 -3.266809582710266113e-01
2.539598643779754639e-01 -3.183757364749908447e-01 1.051255837082862854e-01 -1.333960294723510742e-01 -2.148356139659881592e-01 4.736259877681732178e-01 4.548141360282897949e-01 5.770351365208625793e-02 6.501713395118713379e-02 -4.522738754749298096e-01 9.871353954076766968e-02 -1.052187532186508179e-01 1.033685505390167236e-01 1.207341849803924561e-01 -2.221317142248153687e-01 1.376073062419891357e-02 -2.705012559890747070e-01 -5.146096646785736084e-02 -1.599188446998596191e-01 -8.790497481822967529e-02
4.673840105533599854e-02 -1.222113147377967834e-02 -9.513130784034729004e-02 2.647750377655029297e-01 -1.645247787237167358e-01 1.359411180019378662e-01 2.516067028045654297e-01 -1.101708859205245972e-01 2.109551280736923218e-01 -3.825345635414123535e-01 2.668711543083190918e-01 -2.847943305969238281e-01 6.520559191703796387e-01 -1.869629621505737305e-01 -2.040787339210510254e-01 3.513763844966888428e-02 1.217633783817291260e-01 2.651064470410346985e-02 1.784874685108661652e-02 -3.235267400741577148e-01
-2.119112014770507812e-02 4.039189219474792480e-02 -9.070843458175659180e-02 1.534470021724700928e-01 -4.857312515377998352e-02 1.622310131788253784e-01 3.195502758026123047e-01 1.065530925989151001e-01 1.604150608181953430e-02 -3.888078778982162476e-02 -3.213287889957427979e-02 1.059425026178359985e-01 1.327797323465347290e-01 -2.259257435798645020e-01 -3.332725465297698975e-01 4.093480706214904785e-01 -5.457422137260437012e-01 -6.952089071273803711e-02 1.788088977336883545e-01 -6.204515695571899414e-03
-6.898719072341918945e-02 1.219752207398414612e-01 -1.812338232994079590e-01 -4.762501269578933716e-02 -6.336547434329986572e-02 3.754944801330566406e-01 4.570118486881256104e-01 2.011506855487823486e-01 5.186178535223007202e-02 -1.544191539287567139e-01 2.569033801555633545e-01 -3.114429414272308350e-01 1.460714340209960938e-01 -1.297002434730529785e-01 -4.565524160861968994e-01 4.349164664745330811e-01 -1.682288646697998047e-01 -1.512003093957901001e-01 -1.907912045717239380e-01 1.236821934580802917e-01
3.302375972270965576e-01 -9.152119606733322144e-02 -1.645633876323699951e-01 9.629011154174804688e-02 1.153517514467239380e-03 1.028629764914512634e-01 4.687523543834686279e-01 2.307268679141998291e-01 1.565822660923004150e-01 -3.100562095642089844e-02 1.843903362751007080e-01 -4.050516784191131592e-01 2.329880148172378540e-01 -1.661413162946701050e-01 -8.013926446437835693e-02 1.647652983665466309e-01 -8.993864804506301880e-02 -2.520301342010498047e-01 6.335236877202987671e-02 -2.296905778348445892e-02
-1.967061460018157959e-01 -2.836118042469024658e-01 -3.246140480041503906e-01 1.002318710088729858e-01 -3.753359988331794739e-02 -3.904938325285911560e-02 2.430541217327117920e-01 2.325646579265594482e-01 -2.329696714878082275e-01 -5.629878640174865723e-01 -1.276944130659103394e-01 -2.186397612094879150e-01 1.665199249982833862e-01 7.419110834598541260e-02 5.559841170907020569e-02 -1.920032054185867310e-01 -1.364554762840270996e-01 -4.296740889549255371e-01 7.227193564176559448e-03 -2.440903782844543457e-01
1.269595026969909668e-01 -4.837196469306945801e-01 -8.414410799741744995e-02 5.276071429252624512e-01 -5.191463977098464966e-02 3.340073823928833008e-01 3.016822934150695801e-01 -1.023743450641632080e-01 2.645226120948791504e-01 -9.751383215188980103e-02 -1.009275913238525391e-01 -4.250226914882659912e-01 1.722823679447174072e-01 -8.782319724559783936e-02 2.330592870712280273e-01 -2.315584570169448853e-02 -2.206580638885498047e-01 7.233688607811927795e-03 -4.073163568973541260e-01 -3.077678382396697998e-01
1.036564111709594727e-01 -1.296168267726898193e-01 -2.088869810104370117e-01 2.824718654155731201e-01 -2.825541496276855469e-01 5.021069571375846863e-02 2.497705817222595215e-02 2.804647386074066162e-02 -7.449036836624145508e-02 -4.126567244529724121e-01 1.659507453441619873e-01 6.682142615318298340e-02 6.526754796504974365e-02 7.051849365234375000e-02 -4.340572655200958252e-01 2.127825319766998291e-01 -1.538173854351043701e-01 -1.582939028739929199e-01 1.834299862384796143e-01 -1.914619654417037964e-01
2.775401175022125244e-01 -9.830868244171142578e-02 -8.337244391441345215e-02 2.555460929870605469e-01 -7.992867380380630493e-03 8.515521883964538574e-02 2.797971069812774658e-01 -2.394565045833587646e-01 -2.473633140325546265e-01 -2.622643113136291504e-01 -3.681165874004364014e-01 -3.307957351207733154e-01 2.772402465343475342e-01 -2.801474332809448242e-01 -1.584757715463638306e-01 2.867152094841003418e-01 -1.071733906865119934e-01 -1.655492782592773438e-01 -8.748759329319000244e-02 -3.482312560081481934e-01
4.342512190341949463e-01 -1.067923977971076965e-01 -6.806947290897369385e-02 4.006803631782531738e-01 -1.560307443141937256e-01 1.989628672599792480e-01 -7.777681946754455566e-02 2.601085603237152100e-02 4.104816913604736328e-01 -4.333817213773727417e-02 2.006357908248901367e-01 -1.175820380449295044e-01 1.412425935268402100e-01 -2.102763950824737549e-01 -3.038807213306427002e-01 -5.507220327854156494e-02 -1.651660799980163574e-01 1.726680621504783630e-02 1.873326897621154785e-01 -3.068137466907501221e-01
2.592957764863967896e-02 -6.993407011032104492e-02 -2.087591290473937988e-01 5.223280936479568481e-02 -8.953171968460083008e-02 5.699620395898818970e-02 2.437697201967239380e-01 2.817335426807403564e-01 9.683457016944885254e-02 -1.676445305347442627e-01 9.066519886255264282e-02 -9.969933331012725830e-02 1.801783740520477295e-01 -2.864603884518146515e-02 3.899258375167846680e-02 2.650437653064727783e-01 -2.364824116230010986e-01 -1.667231619358062744e-01 -1.562249064445495605e-01 -2.676036059856414795e-01
1.111729219555854797e-01 -2.747551798820495605e-01 7.984356582164764404e-02 6.337963938713073730e-01 -1.735801100730895996e-01 1.827382668852806091e-02 -1.182435005903244019e-01 -7.574288547039031982e-02 1.939174160361289978e-02 -1.544927656650543213e-01 3.909187316894531250e-01 -1.410754024982452393e-01 2.896909601986408234e-02 -1.564179360866546631e-01 7.264710962772369385e-03 1.111340597271919250e-01 -2.071187496185302734e-01 -4.793756455183029175e-02 -1.534358710050582886e-01 -1.611376404762268066e-01
1.724337637424468994e-01 -1.062521338462829590e-01 -1.121984794735908508e-02 1.005025282502174377e-01 1.768797039985656738e-01 -1.122561842203140259e-02 2.286418080329895020e-01 2.659945003688335419e-02 6.073829159140586853e-02 -1.955920308828353882e-01 1.913115084171295166e-01 -2.412457317113876343e-01 -1.520124375820159912e-01 -7.939165830612182617e-02 -1.444658637046813965e-01 -4.382695257663726807e-02 -3.128897845745086670e-01 -2.790857851505279541e-01 -6.646499037742614746e-03 -3.940102159976959229e-01
3.272503912448883057e-01 -2.363157570362091064e-01 -1.036561504006385803e-01 1.747743785381317139e-01 -2.704151272773742676e-01 7.852648943662643433e-02 2.829692363739013672e-01 1.187400594353675842e-01 4.857596009969711304e-02 7.375849783420562744e-02 1.774555593729019165e-01 -1.293178498744964600e-01 5.636970698833465576e-02 2.556436955928802490e-01 -1.635662019252777100e-01 -3.705354407429695129e-02 -2.190315574407577515e-01 -3.301489949226379395e-01 -1.527480334043502808e-01 -2.967709600925445557e-01
3.038425743579864502e-01 -2.283729463815689087e-01 8.444808423519134521e-03 -6.185794249176979065e-02 -9.865555912256240845e-02 1.614103913307189941e-01 1.557365357875823975e-01 2.677103877067565918e-01 3.510031104087829590e-01 1.362964212894439697e-01 -6.436558067798614502e-02 -4.095727205276489258e-01 4.619398713111877441e-01 -1.412971466779708862e-01 -9.195782244205474854e-02 3.830729126930236816e-01 -2.054035961627960205e-01 -6.569122523069381714e-02 2.745665311813354492e-01 -2.394134402275085449e-01
3.833299130201339722e-02 -3.352861404418945312e-01 2.038602717220783234e-02 1.902670115232467651e-01 -1.661135405302047729e-01 3.828669190406799316e-01 3.120051026344299316e-01 2.383971214294433594e-01 -1.873129308223724365e-01 -1.521217972040176392e-01 -1.145649477839469910e-01 -1.171321123838424683e-01 2.250195145606994629e-01 -4.279181361198425293e-01 5.766899138689041138e-02 3.422244191169738770e-01 -2.583542168140411377e-01 2.699451446533203125e-01 -1.317037642002105713e-01 -2.082413434982299805e-01
-1.867292448878288269e-02 -1.003645211458206177e-01 -1.055923476815223694e-02 1.735271513462066650e-01 5.760064348578453064e-02 2.503719329833984375e-01 3.319472372531890869e-01 -3.463704884052276611e-02 2.150444984436035156e-01 3.821846842765808105e-02 2.751130759716033936e-01 -1.712571084499359131e-01 2.818190157413482666e-01 -2.933887839317321777e-01 -3.268111050128936768e-01 2.599521279335021973e-01 -5.221452713012695312e-01 -9.883984923362731934e-03 2.224851846694946289e-01 -1.412326842546463013e-01
2.061462849378585815e-01 -3.386826217174530029e-01 -4.753914102911949158e-02 8.314853161573410034e-02 -3.177689313888549805e-01 -3.775553405284881592e-01 1.145581901073455811e-01 -1.420028954744338989e-01 2.995765805244445801e-01 -2.075382620096206665e-01 2.339310944080352783e-01 -3.886240720748901367e-01 8.965276181697845459e-03 -5.747058987617492676e-02 -4.772896319627761841e-02 3.005748987197875977e-01 2.983540892601013184e-01 -4.752369970083236694e-02 4.142610728740692139e-01 -4.933152794837951660e-01
-3.340509235858917236e-01 -1.445822566747665405e-01 -1.267013996839523315e-01 1.207482963800430298e-01 -3.104381561279296875e-01 4.307113587856292725e-02 1.552385985851287842e-01 1.140083968639373779e-01 2.299915701150894165e-01 -4.278114736080169678e-01 5.558603629469871521e-02 -3.657857179641723633e-01 -4.805707931518554688e-02 1.781001687049865723e-01 -8.293203264474868774e-02 4.154739081859588623e-01 4.114793986082077026e-02 3.173644840717315674e-01 -1.533273160457611084e-01 -2.356597781181335449e-01
4.152517914772033691e-01 -1.360864192247390747e-01 -1.026747822761535645e-01 6.874459981918334961e-02 -3.581240177154541016e-01 7.958674430847167969e-02 1.334218680858612061e-01 2.060685753822326660e-01 3.839639127254486084e-01 8.069376647472381592e-02 -1.261235773563385010e-02 -5.230137705802917480e-02 -5.582569539546966553e-02 -1.438784003257751465e-01 -2.239981293678283691e-02 2.271995246410369873e-01 -2.697706222534179688e-01 -2.811371982097625732e-01 -1.923999488353729248e-01 -2.944262027740478516e-01
7.465285062789916992e-02 -1.454434990882873535e-01 7.261450588703155518e-02 1.976408660411834717e-01 1.591506004333496094e-01 2.784988582134246826e-01 3.248495608568191528e-02 2.189325392246246338e-01 -3.039428964257240295e-03 -4.784574210643768311e-01 1.106810271739959717e-01 -4.477682709693908691e-01 2.305833548307418823e-01 -3.748354613780975342e-01 -9.263157099485397339e-02 9.536671638488769531e-02 -1.706383675336837769e-01 -1.890720427036285400e-01 1.334473490715026855e-01 -3.809562325477600098e-01
-1.340613514184951782e-02 -3.423810005187988281e-01 -3.078917860984802246e-01 3.150344789028167725e-01 -2.048952877521514893e-01 1.869235485792160034e-01 8.097922801971435547e-02 2.954121530055999756e-01 -1.158517319709062576e-02 1.388605684041976929e-01 9.811770915985107422e-02 -5.129517242312431335e-02 2.787264585494995117e-01 1.115855872631072998e-01 -6.545765697956085205e-02 2.464254945516586304e-01 -1.870956867933273315e-01 1.476451307535171509e-01 -2.264874130487442017e-01 -5.552459359169006348e-01
3.083194047212600708e-02 2.133832424879074097e-01 -9.421117603778839111e-02 2.216889858245849609e-01 -2.189147323369979858e-01 3.454996049404144287e-01 4.015438556671142578e-01 -1.780887246131896973e-01 4.538862109184265137e-01 -2.783315181732177734e-01 1.606510281562805176e-01 2.503062784671783447e-02 2.335249930620193481e-01 -1.471743881702423096e-01 -4.160987436771392822e-01 3.286334574222564697e-01 -2.361963540315628052e-01 -1.910583227872848511e-01 -2.406982034444808960e-01 2.803849875926971436e-01
-3.364992141723632812e-01 1.697176247835159302e-01 3.355798125267028809e-02 2.266797870397567749e-01 -2.073710560798645020e-01 -5.168780311942100525e-02 2.875808775424957275e-01 2.482881098985671997e-01 2.425073087215423584e-01 -3.669387102127075195e-02 -1.619930416345596313e-01 -6.062774360179901123e-02 1.828313022851943970e-01 2.141461521387100220e-01 -3.071306049823760986e-01 1.562912762165069580e-01 -2.900419831275939941e-01 -1.816120594739913940e-01 -3.316321596503257751e-02 -2.730800211429595947e-01
-1.000883281230926514e-01 3.638267517089843750e-01 6.638289988040924072e-02 3.263506591320037842e-01 -1.196144223213195801e-01 2.816073596477508545e-01 3.210046589374542236e-01 1.515719443559646606e-01 3.958137631416320801e-01 -2.580110430717468262e-01 4.586761072278022766e-02 -9.913034737110137939e-02 -1.868917793035507202e-01 7.352121919393539429e-02 3.163100406527519226e-02 3.119027614593505859e-01 -4.375972151756286621e-01 -3.547284603118896484e-01 5.396475642919540405e-02 -3.570598661899566650e-01
-1.971159130334854126e-02 1.111828908324241638e-02 1.979384720325469971e-01 2.874648198485374451e-02 -1.630004346370697021e-01 1.218289360404014587e-01 3.203806281089782715e-01 2.949434518814086914e-01 2.022576145827770233e-02 -2.343187630176544189e-01 1.041233763098716736e-01 2.255406975746154785e-02 1.456757336854934692e-01 -3.507551550865173340e-01 -4.000454545021057129e-01 5.812864750623703003e-02 -3.569194674491882324e-01 1.250358372926712036e-01 6.130515411496162415e-02 4.560320079326629639e-02
3.291673362255096436e-01 -5.645243078470230103e-02 -1.029553562402725220e-01 2.415612488985061646e-01 -2.744142338633537292e-02 2.136000692844390869e-01 2.599694728851318359e-01 3.103849887847900391e-01 8.341482281684875488e-02 -1.537688076496124268e-01 -9.393994510173797607e-02 -1.869184225797653198e-01 -3.693642094731330872e-02 -1.568513512611389160e-01 -1.272303611040115356e-01 -1.644482165575027466e-01 -3.374171853065490723e-01 -1.738720983266830444e-01 -1.577663272619247437e-01 -2.485729157924652100e-01
1.234283745288848877e-01 -2.482276856899261475e-01 -1.721742004156112671e-01 1.754891127347946167e-02 -3.703659027814865112e-02 1.979862898588180542e-01 2.617529332637786865e-01 1.318130791187286377e-01 1.405176818370819092e-01 -3.103117942810058594e-01 2.621024250984191895e-01 -2.775910124182701111e-02 9.794043749570846558e-02 4.540133476257324219e-02 -2.094839513301849365e-01 -1.428131312131881714e-01 -2.851107716560363770e-01 -3.527137264609336853e-02 -1.566843688488006592e-02 -6.936557590961456299e-02
-1.717602089047431946e-02 4.301059991121292114e-02 1.465282589197158813e-01 1.277570426464080811e-01 3.867614641785621643e-02 1.032405942678451538e-01 2.889276742935180664e-01 2.228412330150604248e-01 2.037236839532852173e-01 2.229037284851074219e-01 2.979579865932464600e-01 -4.923768714070320129e-02 4.480842351913452148e-01 1.092250421643257141e-01 -1.398322433233261108e-01 1.410075873136520386e-01 -1.755661889910697937e-02 3.674053847789764404e-01 2.427503168582916260e-01 -2.476373165845870972e-01
3.773911297321319580e-01 -5.243822336196899414e-01 -5.391910672187805176e-03 2.987896502017974854e-01 -2.529531419277191162e-01 -5.700681358575820923e-02 1.435047537088394165e-01 3.371489793062210083e-02 8.672310411930084229e-02 -9.612719714641571045e-02 -1.564704477787017822e-01 -2.106034457683563232e-01 1.446708589792251587e-01 3.480029851198196411e-02 7.692120224237442017e-02 -2.627893686294555664e-01 -4.942466318607330322e-01 2.831556275486946106e-02 1.659302413463592529e-01 -5.372165441513061523e-01
-4.529028758406639099e-02 -4.178737401962280273e-01 9.325724840164184570e-02 -1.219833418726921082e-01 -1.497017443180084229e-01 -5.202131718397140503e-02 4.457499682903289795e-01 -1.425571888685226440e-01 8.856395632028579712e-02 -4.528820514678955078e-01 9.469673037528991699e-02 -1.292615830898284912e-01 5.158823356032371521e-02 -2.798602581024169922e-01 -2.115781009197235107e-01 2.933831810951232910e-01 -5.737745389342308044e-02 -7.278428971767425537e-02 -2.812966108322143555e-01 -2.205819189548492432e-01
1.269529759883880615e-01 -1.625986844301223755e-01 -1.479853987693786621e-01 2.137091904878616333e-01 -3.740661740303039551e-01 6.362238526344299316e-01 1.595284491777420044e-01 -6.486575305461883545e-02 6.805615127086639404e-02 1.295131146907806396e-01 1.178511008620262146e-01 -4.317403435707092285e-01 -2.496223747730255127e-01 -1.798104643821716309e-01 -1.205601841211318970e-01 5.209670066833496094e-01 -1.116548106074333191e-01 -1.061588972806930542e-01 -3.156238198280334473e-01 -1.219155788421630859e-01
1.291863024234771729e-01 6.041843071579933167e-02 -9.438980370759963989e-02 2.307702004909515381e-01 -1.564294546842575073e-01 3.126510679721832275e-01 2.586052417755126953e-01 1.715941727161407471e-01 8.734636008739471436e-02 -3.824292719364166260e-01 -5.631788820028305054e-02 -3.558061718940734863e-01 3.058493882417678833e-02 -2.199486047029495239e-01 -3.153299987316131592e-01 2.130629718303680420e-01 1.675236225128173828e-01 2.551579475402832031e-01 1.911201700568199158e-02 1.951053738594055176e-02
